928 975
450 144
653 695
234 619
547 22
650 432
98 64
293 411
909 414
512 350
664 501
867 101
26 120
242 909
414 722
804 422
400 617
310 236
804 47
211 34
800 868
488 614
182 353
525 821
757 499
902 772
295 497
451 845
249 485
413 21
384 327
816 449
842 472
772 588
189 899
603 514
205 447
275 331
867 227
450 915
483 99
908 891
769 734
672 696
896 13
602 380
298 882
237 238
163 422
539 325
66 741
629 755
807 311
409 439
346 600
686 277
171 444
45 517
392 116
245 671
184 15
54 363
638 399
919 600
208 199
232 324
135 705
416 411
856 20
906 868
136 567
425 303
540 125
182 154
165 242
853 541
62 221
644 858
852 924
885 728
73 901
788 817
646 467
430 733
355 31
317 136
655 409
117 918
474 202
735 207
579 405
791 876
311 430
298 462
503 256
538 137
697 413
463 1
277 845
396 232
897 690
623 285
24 764
858 119
596 383
364 652
12 569
525 133
878 556
434 381
737 83
790 732
68 290
867 420
708 527
109 96
400 876
885 601
886 345
91 628
442 273
737 204
416 310
33 378
880 150
484 300
552 146
385 572
20 370
105 152
424 731
670 909
710 414
111 731
702 96
112 383
160 14
244 671
361 399
746 403
122 613
350 56
528 321
73 843
461 349
305 66
778 738
484 463
701 411
308 74
849 489
270 606
731 588
12 647
257 238
709 81
105 926
796 32
877 415
145 723
39 598
17 900
493 843
219 704
779 263
882 134
774 349
81 743
777 130
359 734
597 638
631 718
90 676
633 261
439 76
139 717
729 592
883 337
517 874
660 824
426 839
11 127
73 259
765 842
451 424
826 71
373 842
18 860
203 324
765 763
146 202
36 775
31 920
229 103
798 597
712 743
712 608
629 342
613 661
464 378
632 673
134 44
774 497
872 196
332 839
742 389
390 494
854 185
328 248
37 720
765 243
542 835
796 854
913 468
689 97
866 128
115 482
766 709
665 879
398 770
600 117
84 78
406 53
582 35
826 533
802 508
232 364
825 658
605 202
925 876
148 509
903 83
389 552
131 925
92 141
449 765
370 601
826 146
684 757
454 388
845 556
170 606
140 385
749 387
761 486
856 816
658 487
600 750
600 495
234 801
216 750
911 403
534 289
718 649
2 166
29 680
211 221
310 187
139 31
638 866
448 397
863 367
488 703
276 373
179 739
310 360
603 643
912 231
347 317
880 811
395 907
33 588
21 571
116 317
568 229
118 36
893 156
733 822
14 180
415 180
69 220
843 637
110 904
663 895
28 259
254 584
724 533
270 804
237 419
131 242
635 624
774 285
288 901
713 661
40 846
733 7
505 542
926 206
721 349
217 400
218 360
898 579
740 822
791 922
231 721
835 368
126 292
919 88
451 344
759 819
447 221
639 680
176 703
511 571
860 61
207 694
306 302
607 113
222 131
276 168
564 239
793 675
734 263
885 77
98 858
296 493
92 702
600 702
164 312
696 314
743 690
64 588
467 47
78 256
401 493
864 693
338 538
290 411
681 888
42 37
23 5
845 98
539 923
51 390
750 723
795 431
254 489
445 63
676 497
344 890
593 898
502 262
445 622
567 280
187 22
794 114
424 216
701 88
771 676
85 92
636 640
273 289
600 291
474 397
256 694
494 209
909 895
21 890
87 810
361 418
169 86
68 750
516 688
562 368
908 401
883 448
611 334
216 41
548 807
566 621
603 600
648 502
200 85
247 844
487 165
49 185
199 753
633 642
335 465
403 744
507 343
640 864
544 565
476 843
538 439
831 329
298 147
51 494
760 388
114 925
178 6
906 521
686 430
406 604
734 801
37 771
404 122
183 606
127 71
418 880
861 180
894 279
29 348
735 175
507 650
154 94
270 768
102 845
546 824
121 867
298 585
525 822
218 312
565 308
467 777
259 223
434 728
82 69
296 896
671 592
481 129
363 855
668 463
358 279
283 478
43 853
286 484
523 756
467 63
688 491
508 350
137 916
96 628
82 783
795 693
882 596
214 422
604 648
399 572
36 54
605 569
923 159
90 300
185 618
743 764
482 285
544 495
13 579
166 651
93 84
341 477
832 359
142 845
751 444
318 241
240 416
420 885
525 777
712 527
626 791
174 241
279 733
760 402
157 552
791 307
908 57
76 775
438 163
82 63
189 237
100 67
591 681
850 833
893 571
74 319
750 187
628 708
870 551
448 335
246 644
175 451
573 820
16 456
927 890
828 776
509 300
35 713
105 652
712 892
497 506
656 12
538 12
555 827
183 432
102 358
519 742
517 77
293 577
297 42
466 176
622 577
550 786
887 512
26 653
65 638
829 240
845 438
309 569
521 320
659 115
584 542
895 19
430 818
311 226
548 574
845 689
174 33
151 341
640 31
327 363
799 575
129 383
194 272
886 109
70 743
215 730
413 787
65 14
478 873
607 15
40 340
459 727
114 179
660 267
925 314
549 477
236 387
531 336
815 184
128 879
910 583
102 761
633 442
439 131
579 83
55 437
775 240
523 558
304 633
909 20
814 834
563 907
850 545
390 750
119 256
604 912
238 647
662 529
760 912
11 476
96 306
51 142
536 452
156 543
690 435
386 226
882 104
51 705
650 924
184 275
868 348
742 487
467 729
427 895
3 45
721 545
677 819
793 487
371 783
854 125
99 151
256 254
796 300
332 446
620 719
120 880
817 103
7 166
465 173
38 927
798 776
395 758
21 675
693 399
522 436
857 173
798 345
532 17
714 447
52 428
740 297
914 272
656 785
792 464
726 645
49 760
704 176
901 634
269 296
802 687
773 97
755 801
239 368
81 160
872 367
753 502
256 245
654 469
421 363
814 755
511 883
137 899
317 757
212 683
364 242
606 178
784 367
613 854
154 860
284 697
760 595
141 237
229 80
846 382
788 341
127 531
838 742
695 200
302 65
569 844
345 688
773 550
129 628
77 153
895 451
66 228
442 207
436 173
211 703
121 703
181 12
689 254
731 178
368 852
537 230
148 864
712 542
379 522
819 54
222 830
78 35
130 670
391 726
711 733
862 243
304 487
172 639
330 773
872 567
690 322
159 804
42 461
397 419
768 77
423 510
706 289
351 923
369 312
698 267
221 784
393 292
923 133
23 347
198 433
766 56
136 153
630 596
907 831
424 555
268 591
103 839
671 827
541 215
835 62
339 727
410 582
233 57
484 204
57 267
119 183
145 551
631 534
96 504
596 670
646 404
905 593
167 848
530 380
11 53
821 458
719 163
431 372
196 412
44 494
605 906
825 496
120 142
98 310
742 589
280 854
10 573
876 361
355 771
78 11
153 829
380 415
514 860
475 263
581 204
637 447
508 584
338 720
372 711
247 501
683 315
106 769
465 498
616 187
280 383
532 653
171 209
881 9
85 704
826 762
429 83
606 264
342 708
666 904
215 288
297 325
835 398
832 90
240 914
531 861
193 890
727 552
483 734
102 355
869 335
571 4
61 845
445 547
856 683
527 16
282 76
831 778
723 675
24 809
564 764
802 702
183 240
692 803
314 442
803 352
679 827
678 202
845 602
409 80
837 339
495 772
918 871
82 796
465 397
179 330
387 90
612 107
614 264
94 347
681 10
855 645
148 697
877 333
213 416
316 202
406 241
372 340
555 310
486 542
693 86
153 507
200 221
250 416
448 649
152 700
337 688
646 592
842 457
655 305
342 67
502 212
476 350
401 711
394 812
461 880
471 84
148 908
570 100
451 294
43 68
823 6
282 454
882 85
869 675
283 368
652 353
679 47
185 351
435 871
664 603
112 680
735 652
543 106
852 424
23 492
535 411
114 670
192 764
350 123
812 194
294 106
523 779
229 464
584 161
829 745
13 260
591 294
868 892
597 305
181 550
234 733
399 250
750 840
540 915
668 216
694 852
774 292
554 651
876 206
583 385
730 162
885 585
57 736
676 150
918 294
513 681
472 521
234 222
883 380
829 861
519 314
809 834
198 156
910 498
306 420
836 283
894 680
272 25
677 640
195 295
51 864
408 907
415 661
449 254
745 697
332 99
214 760
267 263
906 478
459 382
626 194
104 545
427 220
907 3
300 837
349 574
654 544
593 844
100 889
761 835
42 653
82 353
911 795
62 634
225 409
162 73
354 469
171 233
359 664
397 542
418 461
440 109
41 465
527 915
323 559
273 784
219 393
874 316
565 536
414 864
309 142
292 74
394 263
296 76
55 596
919 803
874 52
675 445
670 147
300 759
306 156
112 427
452 348
314 148
240 287
229 811
56 870
635 402
503 23
495 170
575 43
436 871
720 48
174 623
156 910
447 131
407 493
180 80
44 500
127 167
847 66
889 184
654 811
844 902
678 725
433 287
913 450
293 244
94 816
356 547
291 765
503 396
784 430
188 7
619 505
579 452
604 371
